M1=100;
M2=100;
b=50;
k1=50;
k12=10000;
%t=0:1:10;