M1=100;
M2=50;
b=50;
k1=50;
k12=25;
